6
2
10
2
-0.01504385
-0.748853
-0.3362168
0.1863846
0.2676096
0.2499198
0.6175172
-0.4670178
-0.3218247
-0.44004
0.1194159
0.5234282
-0.9491832
-0.6790223
0.9268775
-0.09496057
-0.9606116
0.07016671
0.1241263
-0.4993309
0.2582855
-0.7157242
0.3972628
-0.2539214
-0.5046763
-0.4520501
0.5822535
0.9093914
0.7033575
-0.6430223
0.779588
-0.09263194
0.150138
-0.7460148
0.6851957
-0.5866015
0.1259452
0.3058016
-0.6232889
-0.7624514
0.2487589
-0.4968971
0.4298079
0.3255503
-0.3066262
-0.4869512
-0.7456932
0.6779406
0.6379755
-0.6279137
-0.458763
-0.5681686
-0.2879966
0.1763343
-0.03427064
0.867043
0.288166
-0.6352091
0.5916076
0.4018123
-0.8062325
-0.06069124
0.8109674
-0.617758
-0.8400829
-0.7275286
-0.2839421
-0.3091546
0.3102448
0.1061319
0.6959586
0.2077824
-0.634165
0.9348254
0.8338668
0.396193
-0.9411004
0.05796945
-0.5237412
-0.4068202
0.5396132
0.913923
0.9986963
0.1766676
-0.7058375
0.06256902
0.004493594
0.2503214
0.2295367
0.5765564
-0.9410799
-0.0126189
0.360419
-0.6358497
0.9125588
-0.3296763
0.7959778
-0.8793836
0.905545
-0.1146885
0.3802826
-0.010939
-0.8680229
0.2363681
-0.9238198
0.559284
-0.6926901
-0.2277762
-0.4213544
-0.8436849
-0.2217821
0.5174282
-0.197615
0.7003098
0.3090501
-0.4138442
-0.5310068
-0.8784108
-0.7392504
-0.50769
-0.2671906
0.6890368
-0.04287326
-0.0504874
-0.6650565
-0.6296163
0.1698824
-0.03081882
0.002159238
0.285871
0.03868806
-0.3065554
0.8767712
0.1946169
0.4128058
0.9846594
0.02686536
-0.509737
-0.9643214
0.7162678
-0.9423773
-0.2251872
-0.3047088
0.6462078
0.5912368
0.2501697
-0.9210541
-0.8615036
-0.7598567
-0.942457
-0.8241673
0.4680795
0.9032602
0.980962
-0.494193
-0.9331148
-0.3420919
0.7706654
0.6635568
0.560168
0.9753993
0.1715771
0.3731541
0.2230529
0.5101352
-0.2472793
-0.8579421
0.7160296
0.5669758
-0.255453
-0.3223172
0.3208055
0.6057405
-0.4902099
-0.01422369
-0.7250619
0.500766
-0.6217763
0.9229963
-0.821146
0.3906121
0.9850409
0.330101
