6
2
10
2
0.568682
-0.5398738
-0.0297457
-0.08654058
0.07925117
-0.3861572
0.2113546
-0.3029739
0.4352896
0.7018526
-0.8567526
-0.110041
0.4367079
0.6255734
-0.9950345
0.3373146
-0.2966012
-0.3035041
0.7584047
-0.303403
0.514401
-0.06572664
0.44471
0.4876125
0.1076366
-0.1354555
-0.2683512
-0.2371157
0.6770856
0.6022995
0.8339825
0.5623031
0.0170759
0.3299725
0.8263307
0.2689938
0.9203737
-0.07201278
-0.5990965
-0.03214705
-0.07904899
-0.8104639
-0.2674643
-0.7532666
0.4287724
-0.2629279
-0.69525
0.1928736
0.279628
-0.983815
0.9647593
0.6833134
-0.3629025
0.01434195
0.6829069
0.2970316
0.5064163
-0.05826843
0.02877009
0.884572
-0.51245
0.6923258
-0.296424
-0.04498899
0.9794617
0.6314528
0.2029797
-0.09263408
0.5447352
-0.2680753
0.7802916
-0.2871302
0.1219116
-0.2297276
-0.4591316
-0.9137797
0.5604017
0.01793513
-0.9452238
-0.840121
0.3126681
0.7833159
0.3686611
0.2480353
0.5636721
0.1962284
-0.7698967
0.5037494
0.8321035
-0.103191
0.4063151
0.113309
0.7266171
-0.227939
-0.8561816
0.4298823
-0.01102626
0.9262896
0.1055292
-0.726299
0.1629466
0.2971675
-0.8497552
-0.7767942
-0.04428351
-0.1401073
0.1637272
-0.1406862
1
-0.9580021
-0.6427431
-0.9524994
0.6181986
-0.04005349
-0.2387689
0.6706109
-0.553611
0.08195579
-0.2432274
0.4524684
-0.1328937
-0.3530465
0.7016501
-0.4439126
0.9607015
-0.3597237
-0.6658819
-0.2646395
0.8499534
-0.4340743
-0.8228436
0.8011217
0.7639499
0.8699563
0.9070044
-0.9755371
-0.182458
-0.7418873
0.73103
0.8620374
-0.9043069
0.9902666
-0.959271
-0.4532517
-0.8488107
-0.4368156
-0.5127182
-0.1032358
-0.08406103
-0.5193894
-0.505949
-0.1209131
-0.2357622
-0.9972045
-0.02944267
0.01313484
0.6470435
0.7244442
0.7803311
0.5438206
0.607342
0.3323834
0.9207337
-0.7017126
-0.5654299
0.8412502
-0.2139772
0.6453326
-0.4746813
-0.416871
0.07425392
0.2356647
0.9026651
0.4655511
-0.04156458
-0.2785345
0.4880414
0.2937166
0.9861574
0.8141296
-0.7432058
-0.641135
-0.9987845
