6
2
10
2
-0.4720014
-0.1868986
-0.8936913
0.1117064
-0.5879219
-0.2901167
-0.5580525
-0.3041958
0.1537071
0.5258973
-0.5646894
-0.6272728
-0.456427
0.9398007
-0.8669901
0.110938
0.03258789
0.7722533
-0.3579105
-0.6036553
-0.7503386
-0.6116166
-0.9031956
0.0489558
0.5104539
0.5938952
0.1859194
-0.0839287
0.01721299
-0.9229486
-0.5757861
0.6627674
-0.316291
-0.6946874
0.7435417
0.005973935
-0.3422915
-0.3175498
-0.9517174
0.3553331
0.06250036
0.1945211
-0.7850759
0.8821785
0.5567431
0.5432925
0.1173207
0.2713644
0.9450727
-0.3590752
0.6669025
-0.3341342
0.9602883
-0.7705877
0.5879076
-0.1526328
-0.9929516
0.8940573
-0.2220827
0.9300168
-0.6688166
-0.7439113
-0.0005522966
0.2191855
0.6611831
0.2915902
0.0906471
-0.9504311
0.4545381
-0.8838534
0.1922897
0.2430192
-0.8462298
0.1760801
0.8900731
-0.3464543
0.9030657
0.2619102
0.1764101
0.2695298
-0.06610382
-0.2133662
0.5623465
0.8859441
0.1773888
-0.5733688
0.8340244
-0.5264924
-0.02125657
0.2563867
-0.2835804
-0.970351
0.01944411
0.4260709
0.3667113
-0.3265477
-0.3655144
-0.05773127
0.2208852
0.991704
0.7859273
-0.7912524
-0.7273808
-0.1694111
-0.2667288
-0.911895
0.5319669
0.2221307
-0.9021583
-0.836417
0.9868028
0.9130523
0.4833078
0.4295833
-0.177065
0.01976669
-0.983978
-0.4908708
-0.5634108
0.1129838
-0.600666
0.9065104
-0.9174428
-0.7120013
0.6424584
0.3404915
0.6044865
0.03451931
0.3418276
0.3799238
-0.4323255
0.1421703
-0.3242799
-0.4309086
0.7665842
0.1893004
-0.8124638
0.06180847
-0.8863876
-0.02269351
-0.1740435
-0.5694432
-0.6944518
-0.120555
0.1802233
-0.1482254
-0.4041032
-0.9834986
0.7380021
0.4820187
-0.8250296
0.791379
0.4815325
0.003253102
-0.7387242
0.09133279
0.5491788
-0.8980837
-0.64803
0.8577914
-0.5874293
-0.2155756
0.3188441
-0.2084087
0.7892456
0.07385266
0.9480193
0.001760364
-0.8820884
-0.427143
-0.5262663
-0.05777347
0.9996297
-0.4587327
0.8489463
0.7947099
-0.6408329
-0.5292249
-0.3255621
-0.4865443
-0.5063469
0.9097505
0.6948075
