6
2
10
2
0.6274619
-0.6151075
-0.931999
-0.3387767
0.1784889
-0.3520039
0.04665506
0.2226888
-0.8600526
0.7948716
-0.435275
0.2802124
-0.5779953
-0.2305967
0.3702066
-0.9832301
0.1489047
-0.4173976
-0.5307963
-0.3185359
0.9354177
0.5652056
-0.797411
-0.8050766
0.9633911
-0.7261436
0.0784663
-0.4589764
0.3084471
-0.2038482
0.3774905
0.5495551
-0.9705377
-0.9420578
0.404902
0.5188501
-0.08740008
0.4911937
-0.6990578
0.1963474
-0.06489098
0.7616014
-0.423072
0.422086
-0.4113361
-0.6869667
-0.7148898
0.3877444
0.5699422
0.8326628
-0.2746369
-0.5386472
0.03451478
0.3764307
0.01512945
0.2143646
-0.8274708
-0.3214356
-0.9224727
-0.681447
0.2024831
0.2122597
-0.7037973
0.7186067
-0.08991754
-0.3810695
0.9803405
-0.6173387
-0.05768049
-0.8839521
0.1793755
-0.2131752
-0.03273785
-0.1675857
0.7688692
-0.9189181
-0.4817187
-0.4475464
-0.9136224
0.01850975
0.9340351
0.2945671
0.8713999
-0.2139629
-0.5222468
0.6674261
0.8075104
-0.3943924
-0.1199406
-0.4923285
0.5968463
-0.3442408
-0.6694982
0.000505805
0.4612424
-0.4874629
-0.5490446
-0.2255265
0.5950363
-0.9708757
-0.3072845
-0.7854729
0.08512533
-0.09838498
-0.6719358
0.9615552
0.4943232
0.1013037
0.6707029
0.9794478
0.6912982
0.5051904
0.4516291
0.8032656
-0.8201833
0.269706
0.768384
0.3654809
0.977545
0.2489201
0.5911996
-0.9668751
-0.723551
-0.05380189
-0.5760036
-0.2326812
-0.8826678
-0.5657873
-0.7977791
0.829246
0.7407269
-0.549052
-0.9416695
-0.3794593
-0.633697
0.2959459
0.3443148
0.9956579
0.0665437
-0.3856102
0.7786798
0.8520246
0.5253665
-0.1069597
0.8621438
-0.3523418
0.3940804
-0.5840824
-0.4724768
0.2696314
0.5559185
0.9813697
0.01085484
0.2616305
0.6120222
-0.9228036
0.4111042
-0.4580573
-0.8397965
0.6309476
0.1752499
-0.7683005
0.2292582
-0.7473421
0.0497545
0.9937928
-0.800468
0.341176
0.0105716
-0.1799971
-0.7811673
-0.1289397
0.3845014
-0.9617672
0.7998614
0.0914346
-0.9207442
-0.005395293
-0.5141528
-0.6983068
-0.3799826
-0.06917679
-0.4718283
