6
2
10
2
0.6721964
0.7689898
0.2738588
-0.9188926
-0.2974461
-0.8428609
-0.5349028
-0.3967308
-0.4712354
-0.621135
-0.3061875
-0.00511086
0.6696997
0.2278303
-0.1708373
0.7559068
-0.9067574
0.8227117
0.5086
-0.8012097
0.9916332
0.6479368
-0.01762497
0.4832155
0.6337321
-0.3532108
-0.6608238
0.7949393
0.984123
0.8422081
0.264229
0.3006262
0.9470515
0.7237511
-0.6698999
-0.4609009
0.006306529
-0.6222587
-0.7510257
-0.5689914
-0.1004568
0.586463
-0.77266
-0.186927
0.3958296
0.9875076
0.3473901
-0.1985673
0.8179107
-0.733094
-0.7466564
0.2168988
0.1746179
0.5144386
0.3782909
0.3099911
-0.1588236
-0.1113321
-0.5191422
-0.003584266
-0.5745587
-0.9636073
-0.7464402
0.8716254
0.3324339
-0.8415673
-0.5646009
-0.1321055
-0.1418699
0.106408
-0.847533
-0.4056269
0.5519733
-0.676466
-0.8855281
0.0002371073
-0.8434484
0.8793669
-0.1561273
-0.1439813
-0.4782413
-0.7946336
0.5717125
-0.8086817
-0.5133622
-0.297973
0.5985837
0.3202486
-0.4862059
-0.08015072
-0.2645966
0.4659726
0.4314615
-0.1418368
-0.5926311
-0.6424682
0.5590987
-0.1129762
0.48296
-0.7893925
-0.8719876
0.6111104
0.2575831
0.7662399
-0.9074914
0.9701836
-0.4349371
-0.5378289
-0.7981892
-0.4870287
-0.6181693
-0.4533166
-0.109223
0.7798741
0.1979581
-0.986197
-0.09948194
-0.5739796
-0.4102105
0.8510885
0.06834185
0.3173661
0.03518856
0.5353441
0.1027607
0.6040499
0.2892048
0.2066463
0.1405691
-0.02379525
0.9238143
0.6050982
-0.06480682
0.4344687
0.9905043
-0.8817904
-0.09239805
0.1770719
0.1739722
-0.9479892
0.8972633
-0.1108202
-0.5402536
0.1661419
-0.9863813
-0.9945536
0.3154745
0.739181
0.7794385
-0.4836279
0.5102954
0.2585139
-0.8197758
0.7061474
0.8094301
0.6364491
0.3395209
0.3725619
0.5945833
-0.1537164
0.1677257
0.2736263
0.8708882
0.09201133
-0.00387466
0.8074439
0.8762257
0.5348179
-0.5641186
-0.4209875
-0.5325601
0.4808206
-0.7449701
0.6929076
-0.2556664
-0.02930319
0.3522622
0.3786573
0.4591345
0.05606353
0.08111775
0.1113092
-0.2362634
