6
2
10
2
0.9922841
-0.2569412
-0.5895591
0.7405758
-0.6073856
-0.6598883
0.09197986
-0.9845901
-0.3124338
-0.5338347
-0.3967537
-0.9561074
-0.1288127
-0.5147736
0.2313524
0.9368746
-0.1288296
0.7297533
0.4933111
0.5267682
-0.4797586
0.7825556
-0.4366339
0.7716782
0.8644097
0.2753896
0.2784636
0.1204706
-0.6415761
0.0720259
-0.2993757
-0.4411558
0.7486713
0.9664915
-0.1524013
0.8162808
-0.1931056
0.1204904
0.3709955
0.04704535
-0.5630434
0.3869703
-0.6439192
-0.9475074
0.7154379
0.8294477
0.1443766
-0.05754864
-0.1884142
0.5381248
0.2862692
0.1538469
-0.7543559
-0.7479196
-0.1185411
-0.3025678
-0.2453188
0.5366802
0.7399464
-0.702914
-0.2108539
-0.4803752
-0.2340852
-0.0673331
0.9051552
-0.9007421
0.6113651
0.8770261
-0.07576358
-0.8538542
0.7776473
0.02361906
0.4480173
0.5551803
-0.761565
-0.4872397
-0.5339701
-0.4692379
0.9000506
-0.6342268
-0.05821478
-0.7772665
0.8675036
0.06315053
0.4992478
-0.7793872
-0.6220734
-0.0009981394
-0.9587417
0.46862
0.6042306
0.7531433
-0.2991449
-0.9778371
-0.4643925
-0.220214
-0.6610873
0.5298576
0.3140621
0.6877046
0.1451198
0.4289944
0.9198263
-0.05620086
-0.6323106
0.7142289
0.3216302
0.5677969
0.8637531
-0.4092268
-0.1855978
-0.0491091
0.775244
-0.2682179
-0.878135
-0.6201205
-0.7495186
0.9762516
0.449919
0.9998002
0.0514673
0.603857
-0.1144105
-0.3976892
0.2223471
0.3435087
0.975673
-0.1378225
-0.6736016
-0.6737833
0.7588398
0.9709156
-0.9147093
0.3119194
0.2614035
0.5581441
-0.1988753
0.478652
-0.08357608
-0.2384831
0.9286399
-0.9486856
0.9046016
-0.4210166
-0.3310965
-0.6135697
-0.7042725
0.9643958
0.6835327
-0.860918
0.3279593
-0.8176105
-0.898725
-0.7197678
0.03750312
0.4236369
-0.8611565
0.912503
0.5616627
-0.7862651
0.2625508
0.3734457
0.1924077
0.5658319
-0.08155978
0.2045687
-0.4707409
0.4147117
0.532511
-0.8860791
-0.7848983
-0.4408635
-0.01813614
-0.7574077
0.04228079
-0.6524255
-0.5600297
0.1721252
0.1422256
0.4305823
0.5496156
-0.1785744
0.6413276
