6
2
10
2
0.5821331
0.788511
-0.2843975
0.9674304
-0.02992547
0.6253366
0.999404
0.2056221
0.846621
-0.10191
-0.5932629
0.8738649
0.7192922
0.5610199
0.3524935
0.2870004
-0.06420267
-0.3096632
0.7899952
-0.5333123
0.124282
-0.2680227
-0.6330249
0.9523413
-0.7961407
-0.7719591
0.6511915
0.06127918
0.9035161
-0.6582515
-0.5925019
-0.6710637
0.5084672
0.4077074
0.08976829
0.8611343
-0.1409606
-0.4136146
-0.0700835
0.4938237
-0.1938304
0.2370015
0.3140921
-0.1419839
0.04381502
0.3464894
-0.1557971
0.3430481
0.08589041
0.6943247
-0.5598226
-0.7455919
0.7234788
0.7225869
0.01825416
0.569078
-0.3844713
0.628293
-0.1941773
-0.657311
0.3445849
0.976177
-0.3510844
-0.633425
-0.2696851
-0.1951982
0.08953202
-0.1747967
0.8202457
-0.8254261
-0.8167458
0.7233887
-0.04540145
-0.01449192
-0.6024375
-0.3517259
-0.5200319
-0.9056869
0.6912324
0.2518167
0.9215941
0.1560971
-0.500356
0.7004952
0.4557433
-0.8264632
0.2885451
0.4171252
-0.8017335
0.1128315
0.6881993
0.6093888
0.0721103
-0.2621588
0.7059383
0.6018288
-0.6856046
-0.6779764
-0.9135711
0.9554565
0.5740271
-0.8665016
0.2682435
0.8871956
-0.3958491
0.2827544
-0.4989995
-0.1189138
-0.05485404
0.4104922
0.7006667
0.02698481
0.229237
-0.4754652
0.1307122
-0.9680719
0.6288056
0.4497091
-0.6867754
-0.3253714
0.9888995
-0.736517
-0.9388502
-0.9067235
-0.9440949
0.3116533
0.8799739
-0.2714874
-0.07660067
0.322875
-0.2436975
0.2846164
-0.1154815
0.5851617
-0.6169074
-0.4079181
0.3680746
-0.6831954
-0.7989595
-0.656332
-0.3496295
-0.1826857
-0.8182838
0.6081882
0.05358756
-0.4543163
-0.4883164
0.08795321
0.2991254
-0.9012232
0.4272253
0.4850244
0.7130752
-0.9762189
0.7799897
-0.8917005
0.43767
0.1037732
0.2293314
0.4557926
-0.8479877
-0.7009449
-0.3550135
0.2154752
0.2289692
-0.1272289
-0.5043144
0.9163187
-0.24988
0.491142
0.7511358
-0.9099083
0.8881936
0.6795201
-0.1822256
-0.3024179
-0.9593992
-0.1888257
0.109038
0.1746539
0.4429509
0.9777136
0.7927744
