6
2
10
2
0.8709214
-0.4746851
0.2962217
0.1067611
0.3126075
0.9354258
-0.8426216
-0.31541
-0.4133941
0.9431624
-0.2383474
-0.7990129
0.2064053
0.8879895
-0.4536139
-0.4686576
-0.6611302
-0.5588067
-0.5901744
0.05630767
0.1873835
-0.1606144
0.3592817
0.3459847
-0.4245299
0.7411361
0.01405942
-0.3553127
0.6957533
0.2549977
0.7656546
0.141132
0.7908401
-0.9999204
-0.8952193
-0.04941666
-0.4190212
-0.6600044
0.2122475
0.406898
0.4436013
-0.2054716
-0.9129641
0.9919758
-0.2664045
0.4952252
-0.2286114
0.7041695
-0.9445002
-0.7754829
-0.9505093
-0.8086469
-0.4570433
-0.3300349
-0.2677234
-0.6152549
-0.1857327
0.4451468
-0.3498327
-0.8331032
-0.8153272
0.6757884
0.7304356
-0.8992996
0.1297055
-0.1076499
0.3676512
0.7950299
0.1146909
-0.6082954
0.8781881
-0.850512
0.06152713
-0.6644208
-0.7924378
0.1947485
-0.3714534
-0.03711069
-0.4356629
0.1104199
-0.4446124
-0.9840169
-0.3735336
-0.5679715
-0.389016
-0.1196431
0.3363216
-0.6210666
-0.3621634
-0.481033
-0.4685291
0.3721008
0.03502667
-0.08468997
-0.6520622
-0.7476161
0.7442837
-0.7792375
-0.2393764
0.8413124
0.1818646
0.8324063
0.911777
0.09794104
-0.3523356
-0.6740367
0.8165665
-0.2461985
0.5679493
0.6141849
-0.02283394
0.01855218
-0.64079
-0.6586909
-0.9818981
-0.591938
-0.9303882
-0.1173152
0.3467707
0.8481288
-0.7394111
-0.8695419
0.05145252
0.1588789
-0.9682264
0.9131508
-0.572515
0.8340015
-0.03784883
-0.1032323
0.869741
-0.8893387
0.6752486
0.6389961
-0.2135922
0.9513814
0.5491021
0.7252898
-0.9818988
-0.8157825
-0.6510339
0.3936324
0.6134729
0.9464824
-0.2302433
-0.7246103
-0.6853712
-0.6716888
0.0537039
-0.4544224
0.8871019
0.01844609
-0.9860129
-0.8584154
-0.1691896
-0.8611431
0.4995122
0.575387
0.3512966
0.957196
-0.5048459
-0.8513129
-0.4240726
-0.8606994
-0.04620922
0.508378
-0.4403311
0.571671
-0.7083569
-0.0606271
-0.1704303
0.5354056
-0.7740526
-0.581733
-0.4839851
0.6755128
-0.7560134
-0.7593453
0.2104245
0.8069451
-0.4937454
-0.09347951
0.9024286
