6
2
10
2
-0.6242259
0.7013607
-0.6677268
-0.7707634
0.7924533
-0.2794513
-0.9777322
0.1261736
0.9768884
-0.7721074
-0.9579871
0.6582856
0.1848718
-0.3259562
0.5191436
-0.1448215
-0.6319363
-0.3379618
-0.6421921
0.5364428
0.3819785
-0.003426909
0.3294162
0.7346127
0.4226308
-0.4593276
-0.01924288
-0.7731481
-0.3650442
0.8018126
0.004518867
-0.9835482
0.8185954
-0.2429863
-0.4924766
-0.2910153
0.1498388
0.7508147
-0.6795805
-0.2527586
0.7269681
-0.5965321
0.3183498
0.8491626
-0.9509988
0.7607729
-0.610338
0.5462916
-0.06263363
0.6052628
0.3533797
-0.1289219
0.3591666
-0.4424011
0.06504834
0.6355512
-0.9556758
0.4018876
-0.1632758
0.4973871
-0.9433806
-0.256802
0.1852406
-0.03202808
0.2285501
-0.09566867
0.7176843
-0.1999663
-0.6347883
-0.467204
0.4245856
-0.6071455
0.2735915
-0.1037089
-0.3657566
0.05056202
-0.1365336
-0.5079136
0.4527976
-0.387441
0.02354491
0.3019361
0.6522558
0.3948734
0.4455733
-0.0734576
0.525244
0.5385659
-0.7782178
0.4054939
0.1594518
0.5309947
0.5812504
-0.6416473
0.148841
0.6450677
-0.3165005
0.2765565
0.8626058
-0.5842099
-0.3541831
0.2180864
0.4906285
0.1717211
0.2995419
-0.3791863
-0.7967052
-0.3190132
0.8156381
0.7147167
-0.9935393
0.07361829
0.04259598
-0.9960871
-0.6449223
0.3774249
-0.1307765
-0.966845
-0.9655342
0.7845333
0.0771755
-0.3015081
0.04916418
0.03269613
0.5805988
0.3772373
-0.2033674
-0.5611248
-0.1606723
-0.5962141
0.153978
0.08983767
-0.2915694
0.4091077
-0.6756094
-0.1110388
-0.7147412
0.6071846
-0.5844507
-0.771795
0.9632761
0.6808951
-0.01280057
0.04939973
0.4497502
0.3894129
0.2140979
0.4060607
0.7905974
-0.3472492
0.6563048
0.9359624
-0.8990664
0.5775568
0.8943803
0.5775239
-0.1687864
0.8125567
0.7363167
-0.8421428
0.7476416
0.02894318
0.4335832
-0.7456608
0.2013606
-0.8746207
-0.4764887
0.1520294
0.0259999
0.3697238
-0.7464266
0.5278785
-0.5445893
0.6789122
-0.7189772
0.6487601
-0.6638536
0.7791581
0.9597254
0.4670007
-0.6437013
0.8999069
0.7930479
