6
2
10
2
-0.7417048
-0.2507292
-0.2937335
-0.2250243
0.2473086
0.0356313
-0.01430213
-0.07897604
0.6460044
1
-0.4017586
-0.7116411
-0.09260786
-0.2273456
-0.9534824
0.3422031
1
0.7497566
0.5297775
-0.9565284
-0.529182
0.989115
0.5556071
0.8968523
-0.4321295
-0.5028698
-0.8617287
0.05921328
0.9991598
-0.1565932
-0.7439747
-0.03000987
-0.3314284
-0.0413754
-0.945472
1
-0.3936664
-0.4393874
0.7107904
0.1904868
0.1952201
-0.1849498
0.5361713
-0.3843945
-0.6589725
0.8011403
-0.7912292
0.07864869
-0.8054683
-0.001686215
0.286786
0.1626097
0.1590735
-0.2233125
-0.1031076
0.5792518
-0.5384555
0.9888546
-0.07078624
-0.2333113
-0.2824608
0.5864449
-0.4782206
0.006713748
-0.4136931
0.06689107
-0.05453694
0.1822199
-0.9945717
0.7098031
0.7096746
-0.450384
-0.3254081
-0.5462997
-0.1617669
0.290915
-0.2195579
0.1684262
-0.4279343
0.6476645
-0.6761346
0.1789232
-0.4689728
0.9342892
-0.4522246
-0.02415597
0.2346057
-0.4170784
0.5172644
0.1521603
-0.6515284
0.2798238
0.04723871
-0.0862025
0.5036836
0.9039774
-0.3422271
0.7305229
-0.07576621
-0.9793921
0.3772204
-0.9910016
0.1188856
0.07758534
0.237832
0.2636072
-0.05844772
-0.499509
0.5809507
0.8566167
0.9392362
-0.09111726
0.7086067
0.6025643
0.5252171
-0.792937
0.4193263
0.9825022
-0.6348777
-0.6454463
-0.03248107
0.6480231
-0.945142
-0.6533701
0.571569
0.2727306
-0.8334489
-0.7884045
-0.4696637
-0.9112754
-0.7513573
0.05274379
0.7819192
0.8441603
0.2442635
-0.9040561
-0.07480776
-0.3020765
-0.7141085
-0.282648
0.7893825
-0.1418377
0.689728
0.9137678
0.9892893
0.6868589
-0.5298119
0.01748192
-0.2307261
-0.5472636
0.0208782
-0.86625
-0.6483285
-0.1690961
-0.4291931
-0.944124
0.2391697
-0.2878145
-0.5135972
-0.05604184
-0.5794282
0.2820797
-0.3369595
0.6490128
-0.3811544
0.4379339
-0.7695577
-0.594974
-0.4477941
-0.5792656
-0.4666399
-0.4826564
0.6934214
0.3816616
-0.3993777
0.7878723
-0.03301704
0.04736841
-0.6471782
0.06257164
-0.404981
-0.8562939
0.3411562
