6
2
10
2
0.844811
-0.2027506
0.600282
-0.9962101
-0.6271193
-0.9871163
-0.6221585
-0.7472887
0.002428889
0.3804974
0.3358454
0.9899752
0.8337319
0.1659027
0.2992563
0.09006631
0.957706
-0.5573585
0.4932837
-0.2632886
0.8379889
0.5809374
-0.2756108
-0.909672
0.5278995
0.01410019
0.9041262
0.4666624
0.3669216
-0.2222646
-0.9685791
-0.3104771
0.2181915
-0.7513821
0.6018398
0.2927525
0.4682309
-0.06131542
0.6885889
0.9947522
-0.1585947
-0.6692584
0.5467677
0.6141684
0.1761492
0.4588482
-0.2455741
0.4108059
0.7079625
0.8687103
-0.05175579
-0.4171089
0.250432
0.9635403
-0.08687484
0.2159911
0.2368504
0.9547269
-0.5318561
-0.8970165
-0.2448288
-0.3355721
0.6464756
-0.4975091
0.1828521
0.255779
-0.3549331
-0.5001385
-0.1194502
-0.2769247
0.3164487
0.3449866
-0.9020424
-0.4623975
-0.8293195
0.5789831
0.5387197
-0.06608808
0.314584
-0.4397293
0.7034974
0.8506358
0.05025089
-0.6521888
0.7467253
0.6458709
-0.0476855
-0.6724281
0.6836033
-0.2844938
-0.9086604
0.2043999
0.868325
0.6951857
-0.8062642
0.6576202
-0.9940548
-0.1747128
-0.5115802
0.7431464
-0.6453347
0.2233227
0.643111
0.9695442
0.00972712
0.0012151
0.5754256
0.1063045
-0.9670718
-0.02270806
-0.849942
0.178562
-0.4401976
0.8225019
0.6577475
0.7611296
-0.9338515
-0.3427359
0.8581581
-0.2756213
-0.9529576
0.7400811
-0.276486
0.641036
0.6704669
0.4341752
0.7372861
0.6756971
-0.6779954
0.7182474
0.4431839
-0.6235421
-0.41322
-0.3789247
0.6979017
0.2046541
-0.6222851
-0.5497165
0.4072113
-0.2905427
-0.6956782
-0.1216611
0.6940873
0.1010567
-0.8313634
0.7238822
0.592047
0.2006575
-0.3468286
-0.7042341
0.1094354
-0.05217183
0.5443416
-0.3527871
0.5200827
0.1664289
-0.2923754
-0.8792291
-0.0688628
0.3121519
-0.2715932
0.6684861
-0.7847891
-0.09536469
-0.4124578
0.9324687
0.6781147
0.1140114
-0.3522507
-0.4794945
0.2373947
-0.06500375
-0.1953164
-0.1274778
0.7329195
-0.1726264
0.7375436
-0.8226826
-0.6145928
-0.8132582
-0.4537286
-0.9330297
-0.416633
