6
2
10
2
-0.7758574
0.5903521
0.08338821
0.4823353
0.6258342
-0.8680375
0.6108935
0.07514226
-0.9371431
-0.5392134
0.4501905
-0.6384466
-0.8615227
-0.8921614
-0.1433374
-0.8924665
-0.6196673
0.3473992
-0.7461433
0.2411462
-0.009662986
0.6251805
-0.9565771
-0.6863956
0.4086311
-0.03201854
0.141565
-0.6204715
-0.4595824
0.9063597
0.4454028
0.4783895
-0.8745806
-0.9498341
-0.8182051
-0.01732194
0.8319216
-0.8293924
0.4678249
-0.4289252
0.7132483
0.4755532
-0.658057
0.7391343
-0.6576869
0.8602777
0.9183693
-0.6050732
0.01328528
-0.5230613
0.6624756
-0.9098091
-0.7677259
-0.8402867
0.9048755
0.4929142
0.7125633
0.9781187
-0.1163889
0.7685475
0.0003205538
-0.1122454
0.5267203
0.5408454
-0.9080212
-0.05785263
-0.1264702
0.6924155
-0.609668
0.6302376
0.327672
-0.9132943
-0.02017939
-0.3304168
-0.09838045
0.6557181
0.7231138
0.8265929
-0.6281295
-0.8026161
-0.02712262
-0.3084134
0.7144892
0.2271107
-0.06116831
-0.6443617
-0.8783627
-0.5844259
0.3835823
0.240703
-0.03539193
-0.2911416
-0.5458229
0.1778058
-0.6318011
-0.5235336
0.2434038
0.4902386
0.8965569
-0.413186
-0.7700517
0.9852197
-0.4299067
-0.7690027
0.5703683
-0.8561265
0.03566253
-0.287789
0.6209028
0.9984746
-0.7437587
-0.2726425
0.5436304
-0.703994
-0.6776805
-0.1829308
0.1489948
-0.3364016
0.2627387
-0.08505285
-0.6703801
-0.193169
-0.6627574
0.8383579
0.3912222
0.7957902
-0.7679198
-0.3040329
0.2235476
0.6239958
-0.1903483
-0.06281292
-0.6991856
0.9590271
-0.6063104
-0.6041873
-0.1826304
0.7942152
-0.07257688
-0.3395602
-0.5453758
-0.06621087
-0.2843553
0.9868901
-0.05637252
0.07922661
-0.728132
0.9423604
-0.1244103
-0.3949834
0.9410906
-0.1496435
0.7706082
-0.5051208
-0.6770747
0.9357882
-0.1804355
-0.9456079
0.7642679
0.6153877
0.7930958
0.5726414
-0.070454
0.6008832
-0.07165825
-0.2777723
-0.3758556
0.9714935
0.06564534
-0.8563755
-0.6840932
0.7355411
0.1741437
0.9334893
-0.05081189
-0.5379472
0.8143399
0.04515135
0.7415977
0.3410253
-0.7117281
0.5920184
-0.8156846
