6
2
10
2
-0.7745376
0.07002103
0.1957027
-0.1632227
0.1695834
-0.2199248
-0.1922637
0.4363398
-0.6629107
-0.3321403
-0.723557
0.4299247
-0.8360188
-0.7164829
-0.6409571
0.6509237
0.7638619
-0.3068968
-0.2015527
-0.9484425
0.4324686
-0.5722499
0.7977862
-0.5236778
0.3349023
-0.9374948
-0.5235801
-0.5241923
0.6481154
0.8167965
0.3058879
0.9210641
-0.7744036
0.770304
0.7165091
-0.2203087
0.5224562
0.6783497
0.8169131
-0.811038
-0.1926922
0.6139989
0.7471104
0.4198148
0.5767839
0.242298
0.2031628
-0.4905089
0.8967018
-0.5585477
-0.7818387
-0.9517999
-0.1424814
0.7678027
0.09630239
0.5884318
-0.2929281
0.2560231
0.8962412
0.6599367
0.1094452
0.9963279
0.8059375
0.07185972
0.3902478
0.264081
-0.5247536
-0.8721704
-0.1356291
0.2933976
0.8357854
0.2466646
0.5699043
-0.2432429
0.009735227
-0.1003884
-0.4343828
0.1978384
-0.2027122
0.5752788
0.7776356
-0.1412951
0.2105583
-0.676368
0.8371272
-0.4321069
0.1716098
0.9052022
-0.04846323
-0.2402118
0.3341169
-0.4338425
0.1578752
-0.7831688
0.5014706
0.1041936
-0.8648229
-0.5890217
0.6228399
0.1901265
0.5906217
-0.8018456
-0.3961884
0.7707086
0.6562088
0.4098146
0.638443
0.2139148
0.2076122
-0.956183
0.6317852
-0.4111444
-0.1432911
0.8089247
0.9530849
0.2805614
-0.09047902
-0.5318182
-0.9424732
0.7663789
0.008650422
-0.7770133
0.8392792
0.9044485
0.5001309
0.5256617
0.3540141
-0.1491607
-0.152702
-0.3076581
-0.3022031
-0.493102
-0.2540501
-0.5858963
-0.9925678
-0.4058744
0.951076
-0.222824
-0.8488185
0.3294131
0.4866554
-0.1194693
0.448169
-0.9212687
-0.9979246
-0.5707185
0.6722908
-0.7071812
0.6250625
0.9840107
-0.04134023
-0.4481772
-0.5621951
-0.5313039
0.4013288
0.231614
0.6887853
-0.235541
-0.4362665
0.1877517
-0.1376127
-0.9813399
0.8295758
-0.6167607
0.04465902
0.8776832
0.3328168
0.7735777
0.2632296
-0.3605281
0.1547993
0.3321316
-0.8749845
-0.5407732
-0.5883889
0.3732814
0.6473932
-0.4717799
0.8992791
-0.1864935
0.7315381
0.4210119
0.00438869
