6
2
10
2
-0.4850138
-0.8249025
-0.08378398
0.3335597
-0.9926887
0.656404
-0.5182486
0.3564272
0.2149857
-0.959579
0.8644497
-0.8417222
0.9794977
-0.2807859
0.2035903
0.9835019
-0.01432049
0.8640792
0.1458234
0.4101748
-0.512008
0.1308728
0.4930193
-0.8679483
-0.1077653
0.8497868
-0.8303139
0.5153637
-0.8297155
-0.6273437
-0.3126124
0.7276876
0.5356009
-0.9200897
0.3431859
0.7719157
-0.004080176
0.01323211
-0.02732193
-0.6342363
0.02692091
-0.3024086
-0.7183249
0.6852701
0.991766
0.6159508
-0.3142818
-0.6304471
-0.6739154
0.0766412
-0.5186989
-0.1516436
0.7566657
0.07029617
0.1921469
-0.6376765
-0.2587293
0.4134876
-0.9752183
-0.7604852
0.4970843
-0.282523
-0.3527626
0.495176
-0.4079818
0.8880417
-0.8154912
-0.9200559
-0.5346923
-0.3719159
-0.6810749
-0.5088532
-0.1207594
0.2186373
0.8812137
0.0616647
-0.04838169
-0.8669584
-0.7290366
-0.9851799
0.2830469
-0.07689488
0.7398872
0.1598376
-0.9445524
0.479872
0.8778062
0.6116307
-0.1016217
0.1078018
0.7201107
0.6684344
-0.4396375
-0.2406009
0.7580233
0.3994212
-0.4401723
-0.5580018
-0.3245317
-0.623827
-0.555136
0.8738904
0.3711295
0.8844919
-0.3350648
0.4755656
-0.04951966
0.9681044
0.4341855
0.1924154
0.08243215
0.7458785
0.1702353
-0.09829986
-0.3268062
0.7484355
0.4596102
-0.008919358
-0.02774537
-0.8376408
-0.3514279
-0.1825565
-0.9709499
-0.4959491
-0.4864398
-0.845942
-0.4694999
0.5390458
0.9723396
-0.8649375
-0.5573926
0.1077968
-0.9359422
0.678921
-0.4256803
-0.7894387
0.6031609
-0.7646735
-0.8079302
0.8555048
-0.937366
0.6148582
-0.5441658
-0.4663502
-0.3485979
-0.6799879
-0.7870851
0.1100041
0.9150629
0.4464199
-0.7263112
0.006568789
-0.9832547
-0.2742361
0.3538177
0.1280335
0.662246
0.9290693
-0.2933844
-0.09710872
-0.2466644
-0.1328553
-0.6766882
0.4353528
0.2931132
0.9236269
0.42189
-0.7198393
0.5330291
0.5874085
-0.5664721
0.9922318
0.4398503
0.8173192
0.006854892
0.1135944
0.6188741
0.5385478
0.4880516
-0.8436708
-0.4007763
-0.09845722
0.155949
