6
2
10
2
0.2355071
-0.9028943
0.03109109
0.4993322
0.1376563
-0.6780722
-0.7986903
0.3985023
-0.06091678
-0.4392229
-0.6858506
0.5880523
0.2166499
-0.8023894
-0.3318375
-0.5367467
0.5618305
0.6605699
-0.3703223
-0.6362503
0.9494636
0.5937374
-0.8046937
0.86567
-0.8988883
-0.04991162
-0.8991418
-0.8709135
-0.2651826
0.8041584
0.4316215
0.882463
-0.7882698
0.3370039
-0.3700529
0.909384
-0.4340454
-0.5134003
0.7442713
-0.1852449
-0.3257726
0.3395786
-0.03158486
0.4977202
-0.1458689
0.9720881
-0.9510286
0.9574647
0.2832391
0.3168482
0.8163767
-0.8837786
0.3392214
0.03736174
-0.9633958
0.5129821
0.7106385
-0.04717124
0.879529
-0.1510245
-0.6975045
0.3891501
-0.9762669
-0.7399218
0.2537501
0.8450375
-0.3369516
0.6804626
-0.5310161
0.9912138
-0.8470693
0.3569543
0.5846229
-0.5369613
0.2158886
0.588886
0.02819884
-0.554563
-0.5563428
0.02789581
0.9255316
0.08456242
-0.7780204
-0.4975342
0.9994562
0.1698836
0.7896843
0.3747313
0.3111469
-0.204784
-0.7008445
0.8597364
0.6072159
-0.3871895
0.1138979
-0.8699791
-0.5012212
-0.165805
-0.126304
0.3630588
0.09265578
-0.4584681
-0.8645635
-0.8456693
0.1991397
-0.2770616
0.6617494
0.03706682
-0.9313908
0.5899155
-0.7504969
-0.9542999
0.4686727
-0.3018469
-0.9830163
-0.4294451
0.2280785
0.05000603
0.3130681
-0.391466
0.833509
0.2463197
-0.2552809
-0.114364
0.6638584
0.6562324
-0.4773911
0.4924173
-0.674077
-0.8503811
0.4175615
-0.1022168
0.2269899
-0.9554105
-0.1646968
-0.04485691
0.3023357
-0.4961094
-0.904916
0.3374514
0.01490557
-0.275236
-0.0778054
0.7404218
0.7477784
0.8087716
0.2754044
0.7919843
0.7748332
0.5541477
0.6073146
0.8050747
-0.9272964
-0.7629046
-0.2250062
0.6625881
0.0629729
-0.2226299
-0.854965
0.419445
0.07457817
-0.4716638
-0.06501377
0.6705894
0.4493513
0.4563536
0.8036194
-0.2770702
0.7438147
-0.1735431
0.07706153
-0.2433025
0.7734511
0.5263498
-0.4846247
0.2743811
0.8929446
-0.03566325
0.5221488
0.2418736
0.9704521
-0.667578
0.8604274
