6
2
10
2
0.6294916
0.4590091
-0.5311849
0.1683151
0.3062586
-0.7728655
0.6338124
-0.7063746
0.604373
-0.4444889
-0.8441839
0.05326331
-0.7182751
-0.1685985
-0.8949578
-0.3904594
0.5073841
0.08164847
0.3650531
-0.6905751
-0.7052858
-0.3257257
0.6631851
-0.09958875
0.2072896
-0.4904467
0.2340509
0.2476674
-0.06017649
0.8336604
-0.6226647
0.4490945
-0.6638134
-0.1495603
-0.9612756
0.2229525
-0.8709533
-0.04463279
-0.03594196
-0.5882878
-0.7974288
0.4397516
0.5891144
0.3960001
-0.1413499
0.3613362
0.3926556
-0.969162
0.9913762
0.335958
0.02743471
0.1714085
0.9494448
0.4485376
-0.9335065
-0.8761172
-0.9959342
0.635092
-0.4911886
-0.5690801
-0.9109187
-0.6242428
0.5599046
-0.851845
-0.06521785
0.3976586
-0.7547598
0.1233708
0.03630316
-0.3192648
-0.1702999
-0.9850874
-0.9347661
-0.7219603
-0.3703943
-0.01223576
-0.5274982
-0.7655735
-0.3584536
0.7738273
-0.6864934
0.4886446
-0.3544978
0.2985379
0.01535356
-0.3075494
0.767386
-0.5864055
0.9520416
0.4373614
-0.2777759
-0.2698678
-0.161112
-0.2700192
-0.3960017
0.594398
-0.4575096
0.1712102
0.8217952
0.3954804
0.8012757
-0.5608926
0.812012
0.9827487
0.9504499
0.8147049
-0.3767093
0.3058212
-0.7681141
0.4353022
-0.5475969
-0.38706
-0.8975782
-0.03519881
0.8920608
0.3452034
0.512377
-0.9800165
-0.02904403
-0.7623777
-0.6549759
-0.3480293
-0.2152058
0.0235523
0.04925025
0.733717
-0.5121808
-0.8378558
-0.9390278
-0.5483539
-0.9070036
-0.006518722
-0.772851
-0.8519096
-0.09842813
0.5116611
0.5079622
0.5584152
-0.149845
0.4870748
-0.5273137
0.5999236
-0.05559003
-0.707792
-0.4050173
0.7827783
-0.3758641
-0.2643722
-0.4604601
-0.3527085
0.9781623
0.1590499
-0.7542944
0.8882253
-0.4799954
0.6432135
-0.2050515
-0.5786495
-0.3335375
-0.7430415
-0.1433796
-0.6443348
0.8243115
-0.5205297
-0.7940035
-0.6607053
0.9800191
-0.08201921
0.1158565
-0.2279166
-0.5795326
-0.162371
0.2952778
-0.1255263
-0.05046618
0.7126286
0.5424843
-0.2602645
0.8253837
-0.1036903
-0.9655745
-0.7650402
0.566848
