6
2
10
2
-0.8576202
-0.225263
0.3688438
0.3814044
0.7595401
-0.04996979
0.685395
0.1921476
0.5959327
-0.03232777
0.3552191
-0.6962385
0.6272166
0.8702612
-0.6197965
-0.2884823
-0.5247405
-0.266147
0.2509873
0.8028493
-0.5555656
0.947181
0.550566
-0.8718541
0.3067689
0.544256
0.6278901
-0.1040527
-0.36808
-0.9553564
-0.2934779
0.4759843
0.338149
-0.730731
0.4732969
-0.9543872
-0.1420816
-0.950429
0.3061523
-0.9187367
-0.5520768
0.1102911
0.1572336
-0.7740662
-0.05090106
-0.507144
0.01070917
-0.7506742
0.028705
-0.7697382
0.4702208
-0.8134031
0.8539395
0.7282584
0.7007263
-0.4903609
0.178574
0.5408013
0.4523997
-0.3707596
0.04747379
0.413151
0.4067301
-0.07712424
0.01427352
-0.1278101
-0.8541474
-0.9725463
-0.6418457
-0.3244301
-0.430849
0.8260689
0.9587162
-0.4003488
-0.4991626
-0.09914339
-0.178424
0.8547111
-0.3015572
0.704231
0.9378271
0.6082911
0.6205723
0.5816965
0.07403529
-0.9492927
-0.2043003
-0.9074864
0.4219045
-0.01464379
-0.5887258
-0.773056
-0.7494609
0.3785238
0.9982445
-0.8942866
-0.3794478
0.809134
0.08096302
-0.01140058
-0.9776189
0.8562927
0.5890884
0.4029941
0.3559181
0.2499875
-0.7999685
0.8000495
0.7484133
0.5619562
-0.5661104
0.4170522
-0.9750822
-0.9449599
-0.1133486
0.9141405
0.9264755
0.4586634
0.1027342
0.6919391
0.427459
0.9825783
-0.8959374
-0.9368012
-0.973182
0.7226567
0.2352384
0.2241849
-0.9562509
0.5149136
-0.1101648
-0.8061779
0.1251255
-0.1397792
-0.8027196
-0.2220186
0.6233368
0.8358066
0.8396449
0.9390366
0.6615772
0.9137866
0.6594687
0.9045308
0.6456921
-0.9629977
-0.9069903
-0.7138064
0.3571276
-0.9676683
0.1725222
0.01796806
0.0005270243
0.01351106
0.1568877
0.5599904
-0.08881366
0.09080327
0.1605757
-0.5348706
-0.1932844
-0.2248048
-0.5427408
0.1684958
0.9927387
-0.8099825
-0.5221124
0.2558043
-0.9396813
-0.5662971
0.7942843
-0.1252738
0.05921686
0.4810147
-0.5832336
-0.2626396
0.3720505
0.07057202
-0.7629495
0.6014485
-0.8673973
0.7835267
-0.4165906
