6
2
10
2
-0.5553596
-0.5215712
0.09917939
-0.963845
0.3977155
-0.9970977
-0.9951196
0.1717693
0.01918352
-0.1308612
0.00786221
0.7485595
0.1038591
-0.8246098
0.8811338
-0.79655
0.2401086
0.1386794
0.9397268
0.1030802
0.01368701
0.306715
-0.5307128
0.07716858
0.1676055
-0.5251627
-0.1288859
-0.7849655
0.3452761
-0.05396211
0.4429474
-0.2326926
0.1410505
0.7807732
0.6993086
-0.5910814
0.4001589
0.1360208
0.7469997
0.07804668
-0.2444345
-0.1247762
-0.01753724
-0.4204077
-0.7524402
0.2449061
-0.09953129
0.5631957
-0.8961804
0.6087863
0.5507965
-0.01135194
0.0867666
-0.9383187
0.6352022
0.7099898
0.06076109
0.7926011
0.3498654
0.6444829
-0.677933
-0.3781999
-0.7913675
0.6848302
-0.4473532
0.843169
-0.7960536
-0.4676517
0.7205477
-0.3137499
-0.2862188
0.9839046
0.984235
-0.4953436
-0.9675732
-0.4828917
-0.3704396
-0.3117858
-0.5649886
0.2630853
0.3407163
-0.1140083
-0.6399662
-0.8566201
-0.95257
0.02473772
-0.3341151
0.7005959
0.9579365
-0.963273
-0.4866091
-0.833811
-0.4097797
-0.4576727
0.5489333
0.5652158
-0.1836737
-0.8372571
0.5919912
0.01066005
0.6135156
-0.5328107
-0.01544011
0.4395234
-0.3417474
0.9542251
0.6647458
0.01245797
-0.3092984
0.03074491
0.97384
0.9976952
0.8486683
0.5392218
-0.5307562
-0.9294612
-0.8666406
0.2218517
0.4656088
0.6557224
-0.6623273
0.9280131
-0.393689
-0.5365367
0.2996952
0.8300509
0.2099012
0.3766558
0.839113
-0.07369864
0.9160366
0.6200192
0.1938738
0.9677598
-0.2413327
0.5783603
-0.8269243
-0.3146659
-0.6476235
0.9637249
0.6681285
-0.9802818
0.2273093
-0.4310709
-0.5901754
-0.06255186
0.5188005
0.3601861
0.8044872
0.7169056
0.3085861
0.8800771
-0.2251307
-0.4120649
0.7935185
-0.4985682
-0.8725481
0.4447443
0.2986901
0.3866644
0.5338144
-0.2773823
0.9278979
0.9564271
0.2295648
0.4725113
-0.1675709
0.6559074
-0.4608589
0.4449885
0.2348896
-0.698267
-0.833638
-0.8547742
-0.8952863
0.7323651
-0.2465106
-0.7707844
-0.9127455
0.1225675
-0.4386803
0.9928243
-0.4247171
