6
2
10
2
0.1456681
0.6654124
0.6951585
0.04681361
-0.1100646
0.5674212
-0.431471
0.5508702
0.9095881
0.9454253
0.7492213
0.717099
-0.8887372
-0.9583282
-0.09578288
0.0693835
0.7719939
-0.09322464
0.9853013
0.719348
0.5549397
0.6198506
-0.08029711
-0.5903275
-0.8298774
-0.102177
0.3939562
-0.03384101
0.1167005
-0.2660671
-0.8804212
0.1723176
-0.267583
-0.636446
0.8459485
0.511729
-0.5844238
-0.6218364
-0.3048741
0.9929338
0.6361802
-0.8962307
0.5786388
0.9738953
0.3791732
-0.7412341
0.6945975
-0.1639036
-0.7923298
-0.8383889
-0.7085848
-0.2526432
0.640759
-0.6523185
0.6587005
0.2107893
-0.1468641
-0.7259378
-0.2313317
-0.8049312
0.6986606
-0.9127269
-0.6555548
-0.5517204
0.1330274
-0.2244538
0.9502418
-0.06225216
-0.5016973
0.3595342
-0.3258809
0.7465911
0.5242851
-0.1168689
0.1258641
0.5682116
-0.3386365
-0.3504313
0.9288666
0.8773048
0.8652971
0.9542441
0.3977785
0.3294241
-0.2321924
-0.4688996
0.1086429
-0.6283753
-0.2993642
-0.8120832
-0.373993
-0.5064321
-0.4391817
0.4358835
0.2600004
-0.9531295
-0.2252778
0.8598604
0.7844777
-0.260177
-0.02792513
0.9367576
0.0249902
-0.9963446
-0.3387173
0.1778585
0.8983841
-0.1385173
0.6866646
0.3757705
-0.6083386
-0.6042545
0.01114762
-0.3127249
-0.3406941
-0.7058036
-0.1526197
-0.4516469
0.3206482
0.2909593
0.961628
-0.363079
-0.7218552
0.8977399
-0.3957049
0.7713752
0.5461774
0.3100452
0.8923445
0.1479532
0.1448983
-0.8852527
-0.9982765
-0.4078096
-0.1270074
0.1403333
-0.1721994
-0.0607084
-0.6341951
-0.4475137
-0.5836904
0.2133986
-0.2693166
0.6345623
0.8913569
0.5340958
0.5302401
0.3384206
0.6794543
-0.3633465
0.130602
-0.1090811
-0.05360949
-0.3812157
-0.8736665
0.08664596
-0.9074278
-0.517992
-0.7471371
-0.5001285
0.3081841
0.731776
0.8584814
-0.2958025
0.9903395
0.9873505
-0.829314
0.1145593
-0.9754624
-0.8650498
-0.2184902
-0.8872137
0.02401531
-0.06071913
0.0006753206
0.6271431
-0.7491646
-0.1529356
0.2685604
-0.7572086
-0.02804959
0.1144139
-0.3119856
