6
2
10
2
-0.7417048
-0.2507292
-0.2937335
-0.2250243
0.2473086
0.0356313
-0.01430213
-0.07897604
0.6460044
1
-0.4017586
-0.7116411
-0.09260786
-0.2273456
-0.9534824
0.3422031
0.4915883
0.7497566
0.5297775
-0.9565284
-0.529182
0.989115
0.5556071
0.8968523
-0.4321295
-0.5028698
-0.8617287
0.05921328
0.9991598
-0.1565932
-0.7439747
-0.03000987
-0.3314284
-0.1823977
-0.945472
1
-0.3936664
-0.4393874
0.7107904
0.1904868
0.1952201
-0.1849498
-0.1732095
-0.3843945
-0.6589725
0.8011403
-0.7912292
0.07864869
-0.8054683
-0.001686215
0.286786
0.1626097
0.1590735
-0.2233125
-0.1031076
0.5792518
-0.5384555
0.9888546
-0.07078624
-0.2333113
0.6986606
-0.9127269
-0.6555548
-0.5517204
0.1330274
-0.2244538
0.9502418
-0.06225216
-0.5016973
0.3595342
-0.3258809
0.7465911
0.5242851
-0.1168689
0.1258641
0.5682116
-0.3386365
-0.3504313
0.9288666
0.8773048
0.8652971
0.9542441
0.3977785
0.3294241
-0.2321924
-0.4688996
0.1086429
-0.6283753
-0.2993642
-0.8120832
-0.373993
-0.5064321
-0.4391817
0.4358835
0.2600004
-0.9531295
-0.2252778
0.8598604
0.7844777
-0.260177
-0.02792513
0.9367576
0.0249902
-0.9963446
-0.3387173
0.1778585
0.8983841
-0.1385173
0.6866646
0.3757705
-0.6083386
-0.6042545
0.01114762
-0.3127249
-0.3406941
-0.7058036
-0.1526197
-0.4516469
0.3206482
0.2909593
0.961628
-0.363079
-0.7218552
0.8977399
-0.3957049
0.7713752
0.5461774
0.3100452
0.8923445
0.1479532
0.1448983
-0.8852527
-0.9982765
-0.4078096
-0.1270074
0.1403333
-0.1721994
-0.0607084
-0.6341951
-0.4475137
-0.5836904
0.2133986
-0.2693166
0.6345623
0.8913569
0.5340958
0.5302401
0.3384206
0.6794543
-0.3633465
0.130602
-0.1090811
-0.05360949
-0.3812157
-0.8736665
0.08664596
-0.9074278
-0.517992
-0.7471371
-0.5001285
-0.943023
-0.9055488
-0.4371468
-0.7804151
0.4461457
-0.3086728
0.3819015
-0.5785987
0.5532157
0.409791
-0.1476296
0.5678256
-0.164265
-0.6119771
-0.1033832
-0.8993006
-0.2004601
-0.2701026
0.4166987
-0.6382825
-0.7168736
0.5831358
-0.7672732
