6
2
10
2
-0.7417048
-0.2507292
-0.2937335
-0.2250243
0.2473086
0.0356313
-0.01430213
-0.07897604
0.6460044
1
-0.4017586
-0.7116411
-0.09260786
-0.2273456
-0.9534824
0.3422031
0.4915883
0.7497566
0.5297775
-0.9565284
-0.529182
0.989115
0.5556071
0.8968523
-0.4321295
-0.5028698
-0.8617287
0.05921328
0.9991598
-0.1565932
-0.7439747
-0.03000987
-0.3314284
-0.1823977
-0.945472
1
-0.3936664
-0.4393874
0.7107904
0.1904868
0.1952201
-0.1849498
-0.1732095
-0.3843945
-0.6589725
0.8011403
-0.7912292
0.07864869
-0.8054683
-0.001686215
0.286786
0.1626097
0.1590735
-0.2233125
-0.1031076
0.5792518
-0.5384555
0.9888546
-0.07078624
-0.2333113
-0.1851
-0.02983344
0.08559239
-0.5711801
-0.4166545
-0.853111
-0.3316904
0.1475314
0.8737309
-0.1537126
0.5672407
-0.5663114
0.1517538
-0.0551604
0.9594839
0.5290437
0.9801126
0.08814847
0.9463198
-0.3634981
0.8123121
0.9838543
-0.4520532
-0.8752093
0.2936656
0.3641891
0.7900174
0.3060617
0.7506714
-0.6392596
0.9095006
-0.1677808
-0.8039341
0.1463889
0.783607
0.6230822
0.5291398
0.9582403
-0.2921358
0.2228194
-0.5409195
0.5819499
-0.3735501
0.5998111
-0.4684724
-0.0166446
0.005986571
-0.217965
0.1937498
-0.5691664
0.06330407
-0.9657128
0.5707054
0.4407143
-0.1264714
0.4732551
0.01508772
-0.9933681
-0.3489426
-0.2418021
0.937772
-0.7290516
-0.8607914
-0.289323
-0.9294641
-0.1229817
0.1367785
-0.7883463
-0.6118679
0.3399632
0.469655
0.3387053
-0.8500457
-0.06739581
0.5234444
-0.3380159
-0.7835002
0.4046199
-0.8372588
0.3668375
0.2411212
0.0104233
0.1604675
0.7132127
0.8796229
0.03619611
-0.8555942
0.9214725
0.6640401
0.65203
-0.1719478
-0.6871126
-0.4386839
0.6757281
-0.7517371
-0.5996563
0.7806802
0.9587708
0.7651594
-0.7836316
0.3081841
0.731776
0.8584814
-0.2958025
0.9903395
0.9873505
-0.829314
0.1145593
-0.9754624
-0.8650498
-0.2184902
-0.8872137
0.02401531
-0.06071913
0.0006753206
0.6271431
-0.7491646
-0.1529356
0.2685604
-0.7572086
0.2725219
0.1144139
-0.3119856
