6
2
10
2
-0.8212345
0.7960005
-0.16526
-0.4861432
-0.9578111
-0.7438669
-0.6126375
0.04970658
-0.8775995
-0.7361932
0.5556769
0.2615673
-0.8808715
0.511749
0.008451581
-0.4343761
0.1209887
0.5466936
0.8709106
-0.2210323
0.9051619
0.5410864
0.2421514
0.4847221
-0.520947
0.870656
-0.7074516
0.1127001
0.9395876
0.5661604
0.7225151
0.0258888
0.2023848
0.9719055
0.8186038
0.4065325
-0.3002414
0.8131056
0.002919793
-0.9639785
0.1113955
-0.2683259
-0.9384375
0.2132283
-0.06951964
-0.3043953
0.8255959
-0.9249814
0.02980173
0.2285613
-0.6356964
0.7991133
0.1315478
0.07640421
0.06553686
-0.3743454
0.5369453
0.0474838
0.5923231
-0.2611736
-0.5783448
0.4169337
0.695389
0.777633
0.7096329
0.5732615
-0.7613616
0.1429836
0.5319881
0.8091767
0.8652828
-0.7575834
0.04274094
0.1744839
-0.804853
0.6391504
-0.5738897
-0.3043774
0.747025
0.2165095
0.1106733
0.7290144
0.647665
-0.868886
0.9873779
-0.3373562
-0.7533419
-0.7671125
0.7601674
0.07406914
-0.4791113
-0.7420273
-0.3080655
-0.9271002
-0.6238136
-0.5457559
0.6648917
0.5755429
0.3718056
0.006755948
0.9418297
-0.4326946
-0.6283526
-0.02954638
-0.2038554
0.8311741
-0.6069512
-0.6091671
0.1669618
0.4027471
0.1158997
-0.50563
-0.2542893
-0.1507763
-0.5450432
-0.07482374
0.8786199
-0.602329
-0.7577209
0.6412675
-0.5082605
0.3984737
0.290755
-0.02220643
0.2966735
0.1658822
0.2542343
0.6723914
-0.2845494
0.9826887
-0.2465085
0.2850306
-0.04522383
-0.9634001
0.4169688
-0.551549
0.8470972
0.4914646
-0.8512571
-0.1582469
-0.6718423
0.3627567
-0.796267
0.5129604
-0.1627966
-0.2359341
-0.2254843
0.9401476
-0.7840173
-0.2949988
0.9208081
0.3273258
-0.3133675
-0.2303199
-0.3510982
-0.9203024
0.2597131
-0.6653414
-0.1292883
0.01304662
-0.8533683
0.6973562
-0.5140045
0.986856
0.1015676
-0.9368534
0.9709055
0.9072223
0.6943381
0.4600527
-0.1229478
-0.4411112
-0.2101482
0.8627775
0.9504285
-0.8796005
0.4236273
-0.4842566
-0.6924837
0.0725385
-0.02874148
-0.5892141
0.7312801
