6
2
10
2
-0.5928822
0.01570761
0.6857054
-0.1526874
-0.4999672
0.02408254
-0.1980656
0.4916997
-0.007706523
0.1335334
-0.6583922
-0.5822136
0.9366672
0.571388
-0.8115067
-0.7605309
0.2198926
0.9387803
0.847559
-0.7843297
-0.5724242
0.1227089
-0.7367077
-0.7007287
0.8782094
-0.6826668
0.3839581
-0.529521
0.7305453
-0.180472
-0.1088136
0.4662997
-0.8125441
0.8439026
0.9830661
0.43067
0.7451222
0.7598715
-0.5150878
0.6969151
0.2408179
0.9526377
0.3103769
-0.2507533
-0.03154266
0.03515422
-0.1732818
0.6543069
0.552459
-0.7816794
0.3745696
-0.7227254
-0.0596627
0.08917511
-0.5110936
-0.2667631
0.2261263
0.8043182
0.7513885
-0.4532696
-0.6280861
-0.2715191
-0.1228262
-0.4206482
-0.51351
0.04830229
-0.86778
0.3933127
-0.7476976
0.05149686
0.6071634
-0.5218897
0.6449463
-0.7921495
0.9492023
0.5323734
-0.939322
-0.9819908
-0.4631838
0.227954
0.7628877
-0.6271343
-0.8208799
0.7489722
0.06847179
-0.5137222
-0.8828328
-0.761102
0.0902642
0.4419114
-0.0621475
-0.4016649
0.08476293
0.890816
0.2769384
-0.9620261
-0.9273129
-0.9864473
-0.9900281
0.4371535
0.2997057
0.4984474
-0.4951454
-0.01208818
0.8222802
0.7236226
0.4072611
-0.261717
0.6394105
0.6892111
0.6923645
-0.2178556
0.06609237
-0.9152184
-0.9112983
0.2627442
-0.511797
0.6286435
-0.83986
0.6307886
-0.6741309
-0.6670921
0.1867627
0.4220729
0.6839335
0.1344494
-0.9236033
0.3651921
0.9342363
0.2634387
-0.8777609
0.6380394
-0.8419485
-0.5685437
0.4530739
0.8343132
-0.4271578
0.04788554
-0.7499888
-0.6215942
-0.6186748
-0.6506596
-0.4892477
-0.150407
0.2283629
0.5278175
-0.1640006
-0.8083158
0.001186967
0.6495192
0.8379614
0.01059997
-0.7906024
0.09096777
0.3405449
-0.4759218
-0.06362355
-0.4180185
-0.7574933
-0.4600257
0.3757367
-0.6316593
0.3114259
0.3075041
0.1183923
-0.9269111
-0.3926309
0.2719199
0.3018136
-0.02393806
0.7887197
0.5230746
-0.8872855
0.4789686
0.3423664
-0.2928337
0.3505473
0.74986
0.4409342
0.005919337
0.5755618
0.8040297
0.273247
