6
2
10
2
0.7179122
0.5036218
-0.5071921
-0.8799336
-0.7490342
0.8626966
0.2373854
0.6194804
-0.8381884
-0.3443154
-0.04632246
-0.1646212
0.1258825
-0.9750898
0.368777
0.862143
-0.3247787
-0.6652374
0.9944129
-0.3464314
0.8890874
0.1778132
0.69733
0.6002834
0.7302537
-0.1662616
-0.7674186
-0.07855737
-0.03808796
-0.6102438
0.2495059
0.3318929
0.02902377
0.5784752
0.2923546
-0.5557146
-0.9062488
0.4563551
0.1493582
0.09202778
0.9740093
0.8025413
0.9038389
-0.7008102
-0.7900953
0.3530168
0.2112867
-0.1494125
-0.3785256
-0.08389199
0.3444059
0.8263984
-0.5030236
0.160349
0.05788481
-0.4525291
0.5325758
0.3016531
-0.6779168
0.2882511
-0.6885481
0.3255787
0.3694336
0.806963
0.8607342
-0.2640179
-0.9269872
0.07719886
0.4458463
-0.9560595
0.05287778
-0.02583754
-0.8946011
-0.8135302
-0.95157
0.8645213
0.7308171
0.7223985
0.1834983
0.471086
0.8838637
0.4018511
-0.2222651
0.5254562
0.946522
0.728873
-0.8183217
-0.07874024
-0.9139118
0.9644854
-0.9141221
-0.1599561
-0.4985436
0.8448195
0.01051462
-0.9307809
0.4392535
-0.3312773
0.9135957
-0.2217957
-0.2167934
0.9136033
-0.1642665
0.518152
0.5592852
-0.3707958
-0.9199049
0.5784149
-0.2206792
0.9560988
-0.2633668
0.7671545
-0.6331894
-0.516026
-0.4582764
0.01438463
-0.4164618
0.7739842
0.3765583
0.4297995
-0.1769978
-0.3326081
-0.7889156
0.6558654
0.915565
0.9341583
0.7519259
0.3014526
-0.1545182
0.1657945
0.05355561
0.4961831
0.538609
-0.8705392
-0.3485886
-0.8588533
0.4969053
0.9683287
-0.1613652
0.7112248
-0.8176498
-0.5291617
0.192598
0.347563
-0.2446102
-0.9413562
0.913666
0.8709486
-0.2667576
-0.4966389
0.8968763
0.1828462
0.1028811
0.6824598
-0.2304181
0.1756188
-0.2638799
0.9672155
0.4953899
-0.6396751
-0.7743609
-0.4312021
0.3282463
0.5229416
-0.1487647
-0.9922938
-0.5425472
0.50085
0.0939461
0.6577544
-0.2397381
-0.8861845
-0.6688759
0.1505402
0.7256653
0.9761181
0.7158141
-0.2629379
-0.07360995
-0.4728855
0.7182271
0.8513138
-0.1739231
