6
2
10
2
-0.02795136
0.5057521
-0.04938567
-0.888037
-0.4567324
0.5298457
0.4734969
-0.9357386
-0.8210826
0.6993661
0.3364267
0.532768
0.351537
0.775069
0.9924853
-0.3466533
0.854723
0.005218148
0.5167899
0.7830164
-0.2892061
0.3158943
0.1945533
-0.5956733
0.3344178
0.6540108
0.2271312
0.2361056
0.2701995
-0.4882537
-0.3237876
-0.5201826
-0.9769497
0.8360226
0.5437458
0.5930407
0.9539859
-0.3786184
-0.08795869
0.6942651
0.5418532
-0.729269
0.4345059
0.6106544
-0.06366456
-0.8288612
0.1336864
-0.3910621
0.501929
0.4134071
-0.2148033
0.4606836
0.5572891
0.213498
-0.1320885
-0.7612343
0.3614149
-0.6857862
-0.4907097
-0.2361978
0.5057416
0.008667588
-0.8073037
-0.4452273
-0.1825024
0.2720864
0.658062
-0.3034874
0.007023692
0.8201699
-0.5379081
-0.6107874
0.07604229
0.2885217
0.8472078
-0.6018002
0.6034172
0.5481544
-0.2082328
0.5458181
0.8358865
0.7674165
-0.7752008
-0.5313773
-0.3163069
0.6425283
0.7901373
-0.6667278
-0.2864338
0.6923645
-0.7044845
-0.7712541
-0.8456264
-0.1764008
-0.2140971
-0.2131807
0.6445193
0.7151613
0.2272965
0.09106553
-0.2250973
-0.2655262
-0.2338508
0.4768543
0.5689495
-0.4649433
0.7965288
0.4006161
-0.0133785
0.8625715
0.6940553
-0.5928636
0.1620618
-0.7756548
0.1514109
0.3589558
0.4972295
-0.8870697
-0.7509861
0.4858854
-0.3627044
-0.7938359
-0.7661796
-0.2800764
0.8301876
-0.7296941
-0.4477061
-0.4585909
-0.7782989
0.6419854
-0.9219048
-0.431774
-0.3406807
0.3938095
0.7293217
0.4944887
0.7172501
-0.2522777
0.5277343
-0.3502082
0.4667535
-0.2800595
0.1906072
-0.5601082
0.7971866
-0.5210283
-0.06940281
-0.3669623
0.8215632
0.574681
0.1583616
-0.202685
0.2377104
-0.8169827
0.4457099
0.4168904
0.5990076
-0.380165
-0.9795744
0.4137523
0.4990186
-0.989377
-0.2774328
0.3047049
0.9531274
0.4096689
0.89849
0.1964329
-0.2543591
0.08782709
-0.2707993
-0.3720754
-0.5503111
0.2550859
-0.6820707
-0.5482206
-0.5821984
0.7066841
-0.7421625
0.8690267
0.7260308
0.8460233
-0.6800854
