6
2
10
2
0.9563913
0.8637559
0.2032858
0.8317945
0.8953042
-0.06313312
0.7535288
0.7024336
0.1167938
0.8755891
-0.4672529
0.5072794
-0.8213851
-0.8063192
0.6983657
-0.3668205
0.8502567
0.9384544
-0.3059984
-0.3831686
0.1165947
0.9368238
-0.7291555
-0.02243388
0.2623155
0.2290145
0.8579836
0.6458139
-0.05083311
0.1472555
0.182243
0.6362951
-0.3132674
0.3312802
-0.3453685
-0.8353391
-0.4106945
0.356615
0.7575753
-0.8708377
0.2205423
0.8241384
-0.7633879
-0.2381192
0.6578519
-0.08961761
0.8511848
0.4398565
0.007244945
-0.6918995
0.3753435
-0.5298936
-0.9991913
-0.2918082
0.8710225
0.6537921
-0.3487364
0.4655742
0.5825124
0.1572665
0.04728377
0.7806993
0.600868
0.5799243
0.09244668
0.7831607
-0.2454609
0.6491034
0.9893432
-0.00443089
-0.8838074
0.9150941
0.9618499
0.07863677
-0.5146577
0.7234144
-0.439942
-0.5889883
-0.1801456
0.7641909
-0.7756398
0.8332157
-0.293806
0.4368293
0.4866082
-0.2934402
0.546829
-0.6651912
-0.6089885
-0.781544
0.5611746
0.3665383
-0.4158338
0.8239837
0.08191264
0.2782614
0.05931032
0.9664888
0.7365828
-0.2653946
0.6358669
0.01353872
-0.04829943
0.366893
-0.7277849
0.008638501
-0.6587758
-0.2214211
0.4323559
-0.4406322
0.2631697
-0.6100311
-0.2267188
0.2362679
0.2979297
-0.8315508
0.3894055
-0.3006982
-0.4353026
0.5723238
-0.2223128
-0.620183
-0.9080172
-0.763298
-0.05587304
-0.01199687
-0.08213079
-0.4492816
0.6493409
0.6537488
0.7697523
-0.517513
0.9550686
-0.1537255
0.3420603
-0.8197162
-0.4498092
-0.1319987
-0.1163405
-0.02508056
-0.9551942
-0.00444448
-0.8613236
-0.8328543
-0.4322897
0.8377056
0.7645392
0.585036
0.1758236
-0.4863251
0.9725449
0.6631508
-0.7825441
-0.4871315
-0.8186934
-0.6262114
-0.3799428
-0.5251076
-0.2495493
-0.3326873
0.7641931
-0.7556956
0.03391945
-0.04566038
-0.483059
-0.2849938
-0.7810488
-0.6484034
0.6555884
0.3103032
0.6201448
-0.3229181
-0.05931079
-0.8155544
0.6259367
0.363106
-0.5694253
-0.655484
0.8173637
0.9587469
-0.7185254
-0.3274292
-0.1311892
