6
2
10
2
0.1456681
0.6654124
0.6951585
0.04681361
-0.1100646
0.5674212
-0.431471
0.5508702
0.9095881
0.9454253
0.7492213
0.717099
-0.8887372
-0.9583282
-0.09578288
0.0693835
0.7719939
-0.09322464
0.9853013
0.719348
0.5549397
0.6198506
-0.08029711
-0.5903275
-0.8298774
-0.102177
0.3939562
-0.03384101
0.1167005
-0.2660671
-0.8804212
0.1723176
-0.267583
-0.636446
0.8459485
0.511729
-0.5844238
-0.6218364
-0.3048741
0.9929338
0.6361802
-0.8962307
0.5786388
0.9738953
0.3791732
-0.7412341
0.6945975
-0.1639036
-0.7923298
-0.8383889
-0.7085848
-0.2526432
0.640759
-0.6523185
0.6587005
0.2107893
-0.1468641
-0.7259378
-0.2313317
-0.8049312
-0.1851
-0.02983344
0.08559239
-0.5711801
-0.4166545
-0.853111
-0.3316904
0.1475314
0.8737309
-0.1537126
0.5672407
-0.5663114
0.1517538
-0.0551604
0.9594839
0.5290437
0.9801126
0.08814847
0.9463198
-0.3634981
0.8123121
0.9838543
-0.4520532
-0.8752093
0.2936656
0.3641891
0.7900174
0.3060617
0.7506714
-0.6392596
0.9095006
-0.1677808
-0.8039341
0.1463889
0.783607
0.6230822
0.5291398
0.9582403
-0.2921358
0.2228194
-0.5409195
0.5819499
-0.3735501
0.5998111
-0.4684724
-0.0166446
0.005986571
-0.217965
0.1937498
-0.5691664
0.06330407
-0.9657128
0.5707054
0.4407143
-0.1264714
0.4732551
0.01508772
-0.9933681
-0.3489426
-0.2418021
0.937772
-0.7290516
-0.8607914
-0.289323
-0.9294641
-0.1229817
0.1367785
-0.7883463
-0.6118679
0.3399632
0.469655
0.3387053
-0.8500457
-0.06739581
0.5234444
-0.3380159
-0.7835002
0.4046199
-0.8372588
0.3668375
0.2411212
0.0104233
0.1604675
0.7132127
0.8796229
0.03619611
-0.8555942
0.9214725
0.6640401
0.65203
-0.1719478
-0.6871126
-0.4386839
0.6757281
-0.7517371
-0.5996563
0.7806802
0.9587708
0.7651594
-0.7836316
0.3081841
0.731776
0.8584814
-0.2958025
0.9903395
0.9873505
-0.829314
0.1145593
-0.9754624
-0.8650498
-0.2184902
-0.8872137
0.02401531
-0.06071913
0.0006753206
0.6271431
-0.7491646
-0.1529356
0.2685604
-0.7572086
-0.02804959
0.8936253
-0.3119856
