6
2
10
2
0.2421185
0.1007921
-0.8966167
0.2226182
0.6720541
-0.8092253
0.6937413
-0.02422988
-0.7344685
0.505579
0.5933123
0.7356834
-0.9010422
0.5479357
0.6370337
0.9999239
0.0004783869
0.2404958
-0.5044606
0.7161832
-0.9360442
0.5365644
0.3453293
0.5095975
0.8734076
-0.09470761
-0.8196065
0.6323483
0.1962746
0.7447193
-0.5950007
0.5944202
0.4242797
0.7726657
-0.347299
-0.2779711
-0.5181122
0.8921046
-0.3429579
0.8275275
0.4151983
0.4187152
0.5515368
0.8804247
-0.7221658
-0.1337904
-0.7157805
-0.7763152
-0.6394718
-0.007872224
0.1234156
0.5061684
0.215907
-0.9319975
0.3438332
-0.3616859
-0.6241829
0.901139
-0.4061872
-0.5599086
0.4426822
0.2107862
-0.6256473
-0.02869618
-0.6999636
0.6132989
-0.2785619
-0.9473805
0.7046144
-0.5331008
0.880249
-0.6555731
-0.1788491
-0.09241259
0.8425932
0.188543
0.9166627
0.6699538
-0.6595342
-0.8260605
-0.4145397
0.1999131
-0.683049
-0.4851755
-0.8887618
-0.604852
-0.5761256
0.6469095
-0.449658
-0.3671933
-0.1587545
-0.0501579
0.585063
-0.6420555
0.4546578
0.5943863
-0.3551584
0.5765343
0.8750539
0.1693839
-0.7321794
0.7953451
0.1811215
0.7464144
-0.2009219
-0.7123144
-0.8214767
0.2951581
0.6333046
0.8472648
0.9492507
-0.8973122
0.5362189
-0.3911077
-0.7193696
-0.2593426
-0.8896663
0.9316993
-0.3490998
-0.942302
0.1561257
0.9149604
-0.4524029
0.9084277
0.723274
-0.8754981
0.5347404
-0.9356494
-0.3426968
-0.3604442
-0.7727797
0.08480775
-0.1115125
-0.7166274
-0.909796
-0.8919277
0.07277143
0.9250631
-0.587465
-0.1560479
0.01505458
-0.292164
0.8480098
-0.2495404
0.6360359
0.4272651
0.4154617
0.3709128
0.7524087
0.6256869
0.3050005
0.2856734
0.782037
0.6826608
-0.2451493
-0.2449473
0.4685902
-0.2962238
-0.8937438
0.2733485
-0.5726259
-0.5612993
0.8139493
0.5497379
-0.767092
0.0547787
-0.8484516
0.003768802
0.5755064
-0.5248613
0.5004127
-0.05564797
-0.2005848
0.1935185
-0.2852551
-0.1414431
0.3326833
0.2444693
0.6606512
0.1925343
0.2725219
0.1144139
0.4633746
